  0.001445 -0.000797  0.001411 -0.000420 -0.000420 -0.000420 -0.000596  0.013738
 -0.006457  0.003241 -0.025312 -0.004847  0.008735  0.008735  0.000242 -0.008824
  0.006321  0.006321  0.009448 -0.008874  0.003036 -0.000578  0.011125 -0.000139
 -0.000547 -0.000043 -0.000310 -0.008584  0.001335 -0.003442 -0.003442 -0.000707
 -0.000707  0.000028  0.000028  0.000136  0.000136  0.000078  0.000078  0.000078
 -0.010592  0.032572 -0.014636  0.002846 -0.066826  0.001676  0.017241  0.017241
  0.006508 -0.004113  0.015248  0.015248  0.002774  0.000647  0.002530  0.000492
  0.001865 -0.000884 -0.000884 -0.014190 -0.002924 -0.013527  0.011959  0.017366
 -0.045403  0.011691  0.051887  0.013063  0.001895 -0.002309 -0.002309 -0.001927
 -0.001927  0.006091  0.006196 -0.008967  0.000176 -0.004897 -0.001461 -0.001461
  0.026877  0.010336 -0.065706  0.051619  0.000836  0.000552 -0.000560 -0.000560
  0.000704  0.000704 -0.001027  0.000155 -0.033177 -0.000992 -0.000954 -0.000954
 -0.000423 -0.000423  0.000075  0.000075  0.000017  0.040110 -0.018971 -0.034179
  0.031724  0.008662 -0.002383  0.006699 -0.003056 -0.005843  0.000213 -0.004831
  0.001087  0.001087 -0.001760 -0.001760 -0.001760  0.000897  0.000897  0.000897
  0.017503 -0.009578  0.004465 -0.000070  0.002850  0.002216 -0.006512 -0.000436
 -0.000516 -0.000516 -0.004117 -0.003312  0.000730 -0.002684  0.001907 -0.001299
  0.001381 -0.000078  0.000543  0.000543  0.000543  0.001800 -0.001281  0.000364
 -0.000458  0.001405 -0.000280  0.000547 -0.000202 -0.000202 -0.000202 -0.000228
 -0.000143 -0.002624  0.000506  0.005970 -0.023721 -0.013346  0.019897  0.019897
 -0.000764  0.000465  0.001246  0.001246  0.006491  0.006491  0.001510  0.000888
 -0.000287 -0.000287 -0.000287 -0.000542 -0.070563