     1  -0.060   3.519  -4.767
     2   0.471   3.008  -3.469
     3  -0.236   3.040  -2.481
     4  -1.113   3.850  -4.648
     5   0.559   4.376  -5.103
     6  -0.018   2.710  -5.526
     7   1.720   2.489  -3.408
     8   2.306   1.943  -2.186
     9   2.800   3.107  -1.327
    10   3.943   3.525  -1.466
    11   3.408   0.986  -2.646
    12   4.222   0.218  -1.672
    13   5.259  -0.254  -2.093
    14   3.812  -0.131  -0.437
    15   2.262   2.444  -4.288
    16   1.566   1.317  -1.647
    17   4.132   1.576  -3.241
    18   2.965   0.223  -3.327
    19   1.915   3.779  -0.535
    20   2.202   5.054   0.116
    21   3.034   4.961   1.388
    22   3.508   5.991   1.848
    23   0.886   5.812   0.352
    24   0.254   6.193  -0.998
    25  -0.832   7.250  -0.826
    26  -1.468   7.600  -2.181
    27  -1.968   8.973  -2.181
    28   0.947   3.449  -0.514
    29   2.812   5.665  -0.587
    30   1.110   6.739   0.916
    31   0.172   5.197   0.950
    32  -0.131   5.299  -1.525
    33   1.036   6.659  -1.641
    34  -0.316   8.142  -0.411
    35  -1.622   6.935  -0.109
    36  -2.285   6.873  -2.398
    37  -0.721   7.521  -3.001
    38  -2.454   9.162  -3.087
    39  -2.622   9.139  -1.384
    40  -1.152   9.626  -2.108
    41   3.323   3.761   1.956
    42   4.392   3.587   2.945
    43   5.587   2.907   2.276
    44   6.681   2.984   2.822
    45   3.922   2.815   4.206
    46   3.004   1.697   3.830
    47   1.837   1.712   4.180
    48   3.458   0.744   3.010
    49   2.865   2.924   1.576
    50   4.781   4.575   3.284
    51   3.366   3.499   4.878
    52   4.801   2.420   4.765
    53   5.478   2.297   1.054
    54   6.625   1.809   0.315
    55   7.085   0.414   0.707
    56   8.118  -0.008   0.214
    57   4.573   2.247   0.581
    58   7.449   2.547   0.406
    59   6.363   1.783  -0.764
    60   6.363  -0.372   1.561
    61   6.814  -1.703   1.996
    62   6.969  -2.744   0.873
    63   7.506  -3.813   1.130
    64   5.905  -2.224   3.142
    65   4.429  -2.274   2.844
    66   4.034  -2.403   1.705
    67   3.541  -2.005   3.819
    68   5.488  -0.001   1.946
    69   7.827  -1.573   2.432
    70   6.019  -1.525   3.998
    71   6.239  -3.223   3.491
    72   6.515  -2.503  -0.386
    73   6.672  -3.408  -1.520
    74   5.357  -4.038  -1.946
    75   5.331  -4.724  -2.955
    76   5.999  -1.644  -0.538
    77   7.392  -4.226  -1.308
    78   7.078  -2.817  -2.372
    79   4.237  -3.882  -1.184
    80   2.941  -4.471  -1.510
    81   1.869  -3.394  -1.553
    82   2.074  -2.293  -1.072
    83   2.561  -5.618  -0.515
    84   3.448  -6.845  -0.707
    85   2.580  -5.244   0.837
    86   4.304  -3.333  -0.335
    87   2.976  -4.912  -2.526
    88   1.521  -5.943  -0.731
    89   3.363  -4.674   1.021
    90   4.517  -6.588  -0.561
    91   3.164  -7.634   0.024
    92   3.297  -7.247  -1.731
    93   0.691  -3.674  -2.177
    94  -0.417  -2.731  -2.282
    95  -1.624  -3.368  -1.616
    96  -1.924  -4.524  -1.863
    97  -0.723  -2.388  -3.770
    98   0.472  -1.627  -4.403
    99  -1.996  -1.512  -3.880
   100   0.327  -1.424  -5.914
   101   0.574  -4.601  -2.606
   102  -0.185  -1.768  -1.781
   103  -0.899  -3.344  -4.309
   104   1.415  -2.189  -4.240
   105   0.578  -0.634  -3.910
   106  -1.828  -0.523  -3.406
   107  -2.296  -1.352  -4.932
   108  -2.867  -1.993  -3.400
   109   0.302  -2.410  -6.423
   110  -0.585  -0.854  -6.179
   111   1.195  -0.845  -6.292
   112  -2.404  -2.602  -0.813
   113  -3.594  -3.080  -0.134
   114  -4.849  -2.543  -0.794
   115  -4.783  -1.751  -1.717
   116  -3.538  -2.631   1.356
   117  -2.383  -3.303   2.096
   118  -3.453  -1.230   1.463
   119  -2.162  -1.626  -0.707
   120  -3.664  -4.185  -0.198
   121  -4.465  -2.925   1.887
   122  -2.504  -0.960   1.541
   123  -2.327  -2.907   3.133
   124  -2.547  -4.397   2.125
   125  -1.428  -3.086   1.577
   126  -6.052  -2.975  -0.332
   127  -7.342  -2.454  -0.779
   128  -7.409  -0.972  -0.464
   129  -7.826  -0.182  -1.302
   130  -8.477  -3.226  -0.047
   131  -8.489  -4.707  -0.497
   132  -8.319  -3.096   1.352
   133  -6.042  -3.675   0.420
   134  -7.482  -2.603  -1.873
   135  -9.460  -2.791  -0.327
   136  -8.488  -3.967   1.799
   137  -8.662  -4.773  -1.592
   138  -7.533  -5.219  -0.262
   139  -9.306  -5.257   0.016
   140  -6.951  -0.529   0.735
   141  -6.907   0.868   1.133
   142  -6.025   1.698   0.197
   143  -6.425   2.782  -0.197
   144  -6.457   0.971   2.612
   145  -7.426   0.175   3.527
   146  -7.378   0.647   4.980
   147  -8.321  -0.182   5.869
   148  -8.269   0.288   7.253
   149  -6.588  -1.234   1.393
   150  -7.933   1.298   1.104
   151  -6.486   2.046   2.886
   152  -5.416   0.602   2.765
   153  -7.189  -0.912   3.476
   154  -8.472   0.315   3.180
   155  -7.698   1.711   5.012
   156  -6.341   0.565   5.366
   157  -8.014  -1.251   5.835
   158  -9.369  -0.112   5.497
   159  -8.846  -0.343   7.856
   160  -7.283   0.275   7.599
   161  -8.651   1.260   7.315
   162  -4.818   1.225  -0.214
   163  -3.933   1.948  -1.133
   164  -4.537   2.105  -2.519
   165  -4.258   3.107  -3.165
   166  -2.564   1.249  -1.185
   167  -1.820   1.517   0.143
   168  -0.521   0.799   0.327
   169  -0.463  -0.417   0.328
   170   0.573   1.505   0.629
   171  -4.527   0.304   0.122
   172  -3.753   2.974  -0.745
   173  -1.958   1.604  -2.030
   174  -2.753   0.189  -1.383
   175  -2.464   1.257   1.003
   176  -1.608   2.608   0.201
   177  -5.433   1.204  -3.009
   178  -6.151   1.403  -4.252
   179  -7.230   1.509  -4.012
   180  -5.830   2.317  -4.794
   181  -6.019   0.527  -4.920
   182  -5.661   0.369  -2.459
   183   2.398  -0.203   1.299
   184   0.922  -2.970   2.394
   185   1.374  -3.789   2.098
   186   0.435  -3.267   3.201
   187   0.224  -0.483   3.388
   188  -0.718  -0.547   3.679
   189   0.742  -0.470   4.230
