     1  -2.485   4.836  -3.996
     2  -2.483   3.817  -2.913
     3  -1.443   3.242  -2.632
     4  -1.452   5.018  -4.358
     5  -3.119   4.479  -4.834
     6  -2.898   5.782  -3.589
     7  -3.625   3.576  -2.216
     8  -3.695   2.638  -1.113
     9  -4.938   1.766  -1.238
    10  -5.623   1.537  -0.259
    11  -3.596   3.398   0.230
    12  -4.681   4.404   0.496
    13  -4.770   4.987   1.705
    14  -5.466   4.717  -0.377
    15  -4.466   4.121  -2.458
    16  -2.835   1.945  -1.142
    17  -2.627   3.938   0.289
    18  -3.615   2.652   1.028
    19  -5.312   1.303  -2.469
    20  -6.504   0.481  -2.677
    21  -6.199  -0.537  -3.760
    22  -6.011  -0.118  -4.891
    23  -7.691   1.362  -3.143
    24  -8.112   2.328  -2.032
    25  -9.244   3.281  -2.436
    26  -9.538   4.324  -1.336
    27  -8.346   5.093  -0.979
    28  -4.774   1.600  -3.293
    29  -6.813   0.004  -1.735
    30  -8.557   0.720  -3.414
    31  -7.388   1.942  -4.046
    32  -7.222   2.935  -1.798
    33  -8.423   1.750  -1.134
    34 -10.172   2.705  -2.645
    35  -8.953   3.822  -3.362
    36  -9.928   3.823  -0.421
    37 -10.319   5.018  -1.711
    38  -8.606   5.926  -0.407
    39  -7.746   4.491  -0.378
    40  -7.828   5.409  -1.834
    41  -6.092  -1.886  -3.546
    42  -6.089  -2.609  -2.274
    43  -7.414  -2.647  -1.523
    44  -8.308  -1.889  -1.870
    45  -4.987  -2.095  -1.353
    46  -3.662  -1.940  -1.978
    47  -3.135  -2.872  -2.566
    48  -2.933  -0.886  -1.602
    49  -5.887  -2.458  -4.381
    50  -5.860  -3.662  -2.553
    51  -4.844  -2.796  -0.545
    52  -5.241  -1.143  -0.860
    53  -7.661  -3.524  -0.492
    54  -6.767  -4.593  -0.029
    55  -6.683  -4.597   1.491
    56  -7.731  -4.764   2.098
    57  -8.593  -3.480  -0.050
    58  -5.806  -4.618  -0.549
    59  -7.237  -5.561  -0.304
    60  -5.539  -4.413   2.227
    61  -4.198  -4.124   1.720
    62  -3.895  -2.623   1.786
    63  -2.884  -2.206   1.239
    64  -3.151  -4.959   2.491
    65  -3.254  -4.768   3.984
    66  -3.602  -5.697   4.693
    67  -3.020  -3.567   4.539
    68  -5.662  -4.384   3.251
    69  -4.103  -4.428   0.663
    70  -2.118  -4.714   2.155
    71  -3.333  -6.031   2.261
    72  -4.764  -1.747   2.380
    73  -4.635  -0.295   2.314
    74  -3.420   0.348   2.972
    75  -3.354   1.565   3.003
    76  -5.613  -2.109   2.834
    77  -5.543   0.142   2.784
    78  -4.630  -0.005   1.249
    79  -2.420  -0.384   3.518
    80  -1.180   0.207   4.033
    81  -0.342   0.843   2.933
    82  -0.099   0.203   1.920
    83  -0.355  -0.872   4.782
    84   1.108  -0.483   5.020
    85  -0.365  -2.087   4.082
    86  -2.530  -1.398   3.551
    87  -1.414   0.993   4.784
    88  -0.866  -0.995   5.767
    89  -0.666  -2.788   4.716
    90   1.591  -1.255   5.651
    91   1.657  -0.458   4.050
    92   1.192   0.509   5.507
    93   0.218   2.080   3.137
    94   1.135   2.709   2.192
    95   2.473   3.049   2.826
    96   2.651   4.134   3.358
    97   0.472   3.916   1.479
    98   1.419   4.491   0.390
    99   0.026   5.031   2.457
   100   0.698   5.379  -0.617
   101   0.009   2.577   4.014
   102   1.366   1.985   1.385
   103  -0.431   3.486   0.998
   104   1.893   3.672  -0.193
   105   2.241   5.063   0.875
   106  -0.499   4.621   3.341
   107   0.887   5.629   2.820
   108  -0.673   5.731   1.961
   109   0.149   6.202  -0.121
   110   1.440   5.817  -1.318
   111  -0.013   4.762  -1.200
   112   3.493   2.163   2.730
   113   4.876   2.502   3.049
   114   5.798   2.084   1.899
   115   7.009   2.130   2.065
   116   5.269   1.849   4.390
   117   5.245   0.322   4.339
   118   4.390   2.281   5.398
   119   3.287   1.215   2.381
   120   4.999   3.599   3.197
   121   6.306   2.157   4.659
   122   4.569   3.247   5.547
   123   4.238  -0.052   4.068
   124   5.985  -0.050   3.601
   125   5.513  -0.081   5.337
   126   5.277   1.675   0.698
   127   6.035   1.149  -0.430
   128   6.534  -0.259  -0.161
   129   6.550  -0.708   0.976
   130   7.192   2.085  -0.907
   131   6.718   3.529  -1.079
   132   7.693   1.616  -2.134
   133   4.263   1.738   0.542
   134   5.304   1.052  -1.263
   135   8.017   2.072  -0.159
   136   8.424   2.220  -2.425
   137   6.422   3.960  -0.101
   138   7.549   4.149  -1.479
   139   5.862   3.567  -1.783
   140   7.008  -0.991  -1.208
   141   7.773  -2.205  -1.053
   142   7.355  -3.436  -1.860
   143   8.044  -4.431  -1.670
   144   9.216  -1.830  -1.443
   145   9.852  -0.935  -0.373
   146  11.265  -0.536  -0.784
   147  12.010   0.112   0.385
   148  13.406   0.350   0.030
   149   6.972  -0.580  -2.139
   150   7.767  -2.549   0.006
   151   9.211  -1.326  -2.438
   152   9.854  -2.735  -1.525
   153   9.894  -1.533   0.564
   154   9.258  -0.018  -0.177
   155  11.219   0.162  -1.651
   156  11.822  -1.448  -1.087
   157  11.981  -0.571   1.265
   158  11.514   1.068   0.668
   159  13.468   0.935  -0.835
   160  13.882   0.844   0.819
   161  13.886  -0.566  -0.131
   162   6.329  -3.571  -2.755
   163   5.324  -2.640  -3.252
   164   5.887  -1.534  -4.115
   165   5.432  -0.398  -4.041
   166   4.274  -2.250  -2.199
   167   2.935  -2.016  -2.891
   168   1.885  -1.706  -1.907
   169   0.828  -2.509  -1.810
   170   1.938  -0.685  -1.242
   171   6.254  -4.512  -3.177
   172   4.774  -3.262  -3.994
   173   4.568  -1.362  -1.608
   174   4.123  -3.099  -1.496
   175   2.633  -2.945  -3.430
   176   2.988  -1.188  -3.627
   177   6.885  -1.825  -4.991
   178   7.440  -0.865  -5.917
   179   8.520  -0.727  -5.702
   180   7.327  -1.270  -6.944
   181   6.932   0.120  -5.871
   182   7.271  -2.780  -5.007
   183  -0.926  -1.496  -1.034
   184  -1.309  -4.246  -0.500
   185  -1.151  -4.619  -1.403
   186  -0.716  -4.769   0.094
   187   0.700  -2.792   1.332
   188   1.298  -3.472   0.936
   189   0.979  -2.767   2.277
   190  -0.154   1.104  -0.658
   191  -0.765   1.358  -1.384
   192   0.543   1.800  -0.675
