"predict"
2.111289651592946
2.088006053108042
1.9214174946355334
2.1032147531578533
2.1042452624116814
1.9409850948056349
2.1314422787556007
2.011849152940835
2.0359672123571015
1.9936466089014888
2.205519144064521
1.8915088742387804
1.8908048943960243
1.984025364688613
1.9555213201402721
1.9304129598006183
1.888555582863795
1.8961588235186806
2.121411554296544
1.8837980724371197
2.1829303128322772
1.9766810593095665
1.9713628089836663
1.837047149908321
1.9098303438205344
1.9976570312137485
1.9004612217592203
1.6158711160458108
1.4982674813685561
1.9421349942831052
1.8954933469962214
1.763364267038064
1.9339499645565768
2.0229146292615554
1.8943466760165446
1.9914565033837486
1.9520963257275208
1.926982966303742
1.6407446385475581
2.0060892141095352
1.99066929664483
