2.2319
1.9832
2.0600
2.3313
1.9587
2.0166
1.8711
1.9586
2.0561
1.9145
2.0234
2.0032
1.9793
1.9397
1.9939
1.9786
2.0961
2.6017
1.9418
2.0686
2.1377
2.1230
2.0209
1.8278
1.8134
1.8534
2.1213
1.9245
1.8978
2.1496
1.7496
1.8619
2.0926
1.9413
1.7913
1.9321
1.8085
1.8683
1.7851
2.1356
2.2238
1.9002
1.8738
2.1607
1.7812
1.8108
2.2037
1.9253
1.6013
2.2844
1.8636
1.8320
1.9693
1.8448
2.3078
2.1270
1.8395
1.9910
1.9165
1.6528
1.8053
2.2978
1.7446
1.7737
1.8678
2.0869
2.0386
1.8589
2.3359
1.8993
1.9604
1.9445
1.8075
2.2241
2.2649
1.9061
2.4740
2.3311
1.9348
1.9489
1.8766
1.8521
2.0764
1.9110
1.8514
2.0841
2.0650
1.8385
2.1602
1.8315
1.8109
1.9262
1.9363
2.0694
1.8761
1.8954
1.8355
1.9871
1.9061
1.9748
1.8211
1.5397
1.8268
2.1273
1.8928
1.8580
1.8429
1.9024
1.8547
1.8826
2.2745
1.8262
2.2875
1.9370
1.9492
1.8813
1.8953
1.9053
1.9426
1.9290
2.0693
2.0277
1.9648
1.8989
1.8363
2.0105
2.5972
2.0635
1.8817
2.2814
1.5775
1.8511
2.3622
2.5339
1.9706
2.1442
2.0579
1.9085
1.8471
1.9407
1.8437
2.0452
1.9248
2.0266
2.0525
2.0063
1.9251
2.0282
1.8113
2.0094
1.8812
1.9507
1.9433
1.8554
2.2861
1.7434
1.7404
2.2574
1.8691
1.9675
1.6607
1.4776
2.6261
1.7152
1.8653
1.9352
1.9882
1.8231
1.6027
1.0330
2.2047
1.8207
1.8842
1.9783
1.3532
1.4710
1.4653
1.8859
1.8715
2.2535
1.9184
1.9332
1.8777
2.1022
1.9223
1.8267
1.9085
1.7309
1.8963
2.1476
1.8389
1.9270
1.8129
1.8051
1.8474
1.3446
1.8432
1.6669
2.2375
1.6517
1.7240
1.8351
2.1372
1.9229
1.5848
2.3364
1.9344
1.9239
1.7419
1.9701
1.8465
2.0018
1.9056
1.8841
1.9521
2.4311
1.8911
1.7275
1.7841
1.7045
1.9407
1.8336
1.8774
1.5338
1.9241
1.5874
1.3571
1.8645
1.8801
1.8139
1.9136
1.9751
1.7475
1.8074
1.9071
1.7848
1.7765
1.9942
1.8672
1.9763
2.4243
1.7924
1.8836
1.8144
1.9029
1.7924
1.6535
1.8059
1.4055
1.8861
1.3137
1.8520
1.1657
1.8241
1.8684
3.2672
1.7483
1.7926
2.0278
1.8950
1.8121
1.7857
1.8794
1.9415
1.9694
1.8528
1.8686
1.8413
1.9215
1.8477
1.6826
1.9337
2.0348
2.0331
1.6458
1.6382
1.8929
1.9318
1.8506
1.5907
1.8650
1.8554
1.8458
1.8584
1.8892
2.5441
1.8535
2.0816
1.7544
1.7618
1.6746
1.9570
1.9290
1.8102
2.1221
1.8160
1.8779
1.9056
1.8532
1.9064
1.7432
1.9321
1.9605
1.9224
2.1247
1.9030
1.8691
3.3443
1.8092
1.1340
1.8915
1.8624
2.4118
1.8030
1.7275
1.7608
1.7834
1.9029
1.8956
1.9923
1.7792
1.7022
2.0015
1.8738
1.8685
2.2912
1.8417
1.9103
1.9270
2.3000
1.7712
1.8494
1.6847
1.8761
2.2922
2.0450
1.8003
1.8009
1.5183
1.2690
1.5230
1.7939
1.8825
1.9114
1.9380
1.8897
2.0832
1.7789
1.8454
1.7179
1.7993
1.8348
1.8406
2.4717
1.9798
1.7184
2.8213
1.8858
1.9839
1.7996
1.7455
1.7602
2.0529
1.7525
1.7711
4.4152
2.2555
1.0629
3.4551
1.7621
1.7431
1.7220
1.8562
1.7805
2.2901
1.9136
1.7035
2.2835
1.8162
1.8971
1.9488
1.7149
1.9003
1.9091
1.7219
1.9146
1.7875
1.4514
1.7488
1.9824
1.7748
1.9321
1.7603
1.8928
1.8026
1.8010
3.1038
2.1480
1.8486
2.4178
2.0731
1.8843
1.9706
2.0280
2.3173
2.1584
1.7101
1.6300
1.8939
2.0346
1.5035
2.0947
1.7069
1.6865
2.4466
2.3661
1.7509
2.0647
2.2330
1.7752
2.6615
2.0653
2.6541
2.2466
1.5235
1.7820
1.9751
2.0069
2.6811
1.7678
2.9807
-0.2025
2.0253
1.8140
2.2019
2.0271
2.6038
2.9626
1.8518
2.7045
2.0302
1.7391
1.9261

2.5887
1.9377
1.9265
1.9836
2.0143
1.7049
1.9374
1.6669
1.9805
1.9105
1.9946
1.7898
1.8904
1.8806
1.6683
1.6622
1.7924
1.8157
1.8931
1.9512
1.7962
2.1125
1.9045
1.8744
1.8939
1.8491
1.8924
1.7605
1.9378
2.1094
2.0227
1.7923
1.9669
1.9308
1.8284
1.8403
1.9838
1.9964
1.7248
1.8584
1.9353
1.9167
2.1121
1.9883
2.1767
2.0462
1.9292
1.7976
1.8520
2.2409
1.8517
1.9011
1.7627
1.7592
1.8289
1.7704
1.9083
1.6536
2.1303
1.7092
1.8020
1.9222
1.7861
1.9139
2.0164
2.1477
1.8989
1.8740
2.1782
1.6683
1.8627
1.8865
1.7837
1.7543
1.6619
1.6613
1.9890
1.9596
2.1988
1.8011
1.9624
2.1663
1.9718
1.6966
2.1347
2.2141
1.7959
1.9785
2.0219
2.1016
1.8727
1.8907
1.9601
1.9123
1.8279
1.9173
2.2591
1.9889
1.8909
1.8647
1.6709
1.9508
1.7654
1.9821
1.7843
1.8788
2.9931
1.7301
1.8123
1.8763
1.8555
1.9497
1.8729
2.2879
2.1685
1.6204
1.7525
1.8818
1.8168
2.3876
1.8833
1.9993
1.9769
1.9962
2.3106
2.5643
1.9644
2.0703
1.9361
2.0828
2.0123
1.9736
1.7928
1.9740
1.7452
1.9760
2.0646
2.0056
2.0902
2.0530
2.0531
3.1220
1.8215
1.9361
1.9870
2.1603
1.8019
2.1573
2.1372
1.6608
2.1207
1.9674
2.1170
2.0853
2.0876
1.9930
2.1339
1.8437
1.9933
2.3465
2.4291
2.2115
2.5179
2.0524
2.0346
1.9810
2.0472
1.9372
1.6850
1.6999
1.9861
1.8289
1.9706
2.0964
1.2669
1.9805
1.5877
1.9670
1.8142
1.6818
1.6695
1.6352
2.1866
1.8137
1.7696
1.9352
2.2120
1.6415
1.4044
1.7817
1.9156
2.0538
2.5199
1.9322
1.9420
1.9635
1.8562
1.8331
1.9418
1.7379
1.7402
1.6627
2.3970
1.8517
1.9409
2.1048
1.9105
2.0512
1.8717
1.9658
1.8372
1.7583
1.9409
1.8068
1.6962
1.9692
1.7350
1.8994
1.9093
1.8162
1.5795
1.8476
1.8488
1.8335
1.8838
1.8277
1.3564
1.8654
2.9798
1.7488
1.7790
1.7825
1.8116
1.9062
2.1851
1.8869
1.9569
1.8984
1.8723
1.7714
1.9113
1.8949
2.0976
1.8687
1.4508
2.0818
1.9765
1.7610
2.0429
1.8521
1.9295
1.9785
1.8330
1.8244
1.6415
1.8687
1.8831
1.8474
1.8914
1.8691
1.8006
1.5998
2.1893
1.8557
1.7977
1.7696
1.7855
1.7987
1.9076
2.3993
1.0515
1.8645
1.8729
1.8040
1.8699
1.7664
1.6126
2.2370
1.9603
1.9107
1.8693
1.8272
1.8042
1.5842
1.8291
1.7893
1.5054
2.0095
1.8496
1.9950
2.0715
1.9335
1.7627
1.6661
1.8617
1.0241
2.0486
1.8378
1.4528
1.8120
1.7025
1.8480
1.7344
1.8031
1.9073
2.3637
1.8255
1.6784
1.2832
1.9746
1.6128
1.8403
1.8216
1.6799
1.8203
1.7166
3.1049
1.8287
1.8528
1.6163
1.9562
1.7118
1.8098
1.7771
1.8386
1.7226
2.1568
0.9933
1.9734
1.8016
