 -0.030014 -0.022982  0.029774  0.011917  0.011917  0.011917 -0.008488  0.064132
  0.001466  0.074799 -0.210006 -0.032189  0.065017  0.065017 -0.000909  0.011724
  0.049822  0.049822 -0.014717 -0.009281  0.000453  0.000715  0.030391  0.010492
  0.011273 -0.012167 -0.027412  0.001796 -0.054928 -0.000757 -0.000757 -0.004132
 -0.004132 -0.004132  0.002613  0.002613  0.002613  0.035841  0.002708 -0.005201
  0.001199  0.017916 -0.023037  0.008437  0.008437 -0.070231 -0.004262 -0.003992
 -0.003992 -0.006889  0.017108 -0.001061  0.001035  0.005313 -0.008986 -0.008986
 -0.021035 -0.000767 -0.023524  0.088914 -0.037995 -0.006323  0.009940  0.009940
  0.028536  0.005566  0.009108  0.009108 -0.007731 -0.011401  0.011343 -0.000831
  0.007064  0.002328  0.002328 -0.030293  0.024806 -0.051383  0.045358 -0.013270
  0.005973 -0.007094  0.001834  0.006502  0.020486 -0.000972  0.002554  0.002554
 -0.000867 -0.000867 -0.000055 -0.000055  0.027061 -0.009103  0.000130  0.000491
  0.000953  0.002476  0.002476 -0.004477 -0.011261  0.000340 -0.000542 -0.000542
 -0.000542 -0.000542 -0.000542 -0.000542  0.007872  0.004143 -0.001207  0.000967
  0.002140  0.001136 -0.000226  0.000338 -0.023699 -0.001575 -0.000755 -0.000755
 -0.000860 -0.000860  0.000840 -0.000973 -0.004647  0.001553  0.006529 -0.000127
 -0.002067 -0.002067  0.006078  0.006078 -0.009097  0.007158 -0.000697 -0.000643
 -0.001600 -0.001600  0.000555  0.000555 -0.003145 -0.003145 -0.005593  0.009838
 -0.008919 -0.002002  0.004577 -0.010434  0.007173 -0.004352  0.001967  0.001967
 -0.001710  0.002438  0.003011  0.003011 -0.001473 -0.001473 -0.040214  0.118442
 -0.022711  0.002607 -0.014044 -0.246521 -0.089126  0.133548  0.133548  0.012877
 -0.031289  0.010056  0.010056  0.065125  0.065125 -0.003173  0.014532 -0.003116
 -0.003116 -0.003116 -0.001927 -0.212031