Resp charges for organic molecule

 &cntrl

 nmol = 1,
 ihfree = 1,
 ioutopt = 1,
 iqopt = 2,
 qwt =  0.00100,

 &end
    1.0
Resp charges for organic molecule
    0  198
    6    0
    6  -99
    8  -99
    1    0
    1    4
    1    4
    7  -99
    6  -99
    6  -99
    8  -99
    6    0
    6  -99
    8  -99
    8  -99
    1  -99
    1  -99
    1    0
    1   17
    7  -99
    6  -99
    6  -99
    8  -99
    6    0
    6    0
    6    0
    6    0
    7  -99
    1  -99
    1  -99
    1    0
    1   30
    1    0
    1   32
    1    0
    1   34
    1    0
    1   36
    1  -99
    1  -99
    1  -99
    7  -99
    6  -99
    6  -99
    8  -99
    6    0
    6  -99
    8  -99
    8  -99
    1  -99
    1  -99
    1    0
    1   51
    7  -99
    6    0
    6  -99
    8  -99
    1  -99
    1    0
    1   58
    7  -99
    6  -99
    6  -99
    8  -99
    6    0
    6  -99
    8  -99
    8  -99
    1  -99
    1  -99
    1    0
    1   70
    7  -99
    6    0
    6  -99
    8  -99
    1  -99
    1    0
    1   77
    7  -99
    6  -99
    6  -99
    8  -99
    6  -99
    6    0
    8  -99
    1  -99
    1  -99
    1  -99
    1  -99
    1    0
    1   90
    1   90
    7  -99
    6  -99
    6  -99
    8  -99
    6  -99
    6    0
    6    0
    6    0
    1  -99
    1  -99
    1  -99
    1    0
    1  104
    1    0
    1  106
    1  106
    1    0
    1  109
    1  109
    7  -99
    6  -99
    6  -99
    8  -99
    6  -99
    6    0
    8  -99
    1  -99
    1  -99
    1  -99
    1  -99
    1    0
    1  123
    1  123
    7  -99
    6  -99
    6  -99
    8  -99
    6  -99
    6    0
    8  -99
    1  -99
    1  -99
    1  -99
    1  -99
    1    0
    1  137
    1  137
    7  -99
    6  -99
    6  -99
    8  -99
    6    0
    6    0
    6    0
    6    0
    7  -99
    1  -99
    1  -99
    1    0
    1  151
    1    0
    1  153
    1    0
    1  155
    1    0
    1  157
    1  -99
    1  -99
    1  -99
    7  -99
    6  -99
    6  -99
    8  -99
    6    0
    6    0
    6  -99
    8  -99
    8  -99
    1  -99
    1  -99
    1    0
    1  173
    1    0
    1  175
    7  -99
    6    0
    1    0
    1  179
    1  179
    1  -99
   20  -99
    8  -99
    1  -99
    1  -99
    8  -99
    1  -99
    1  -99
    8  -99
    1  -99
    1  -99
    8  -99
    1  -99
    1  -99
    8  -99
    1  -99
    1  -99


