     1   2.998  -4.608   3.789
     2   3.394  -3.648   2.710
     3   3.201  -3.922   1.537
     4   3.894  -4.865   4.391
     5   2.259  -4.106   4.452
     6   2.543  -5.529   3.375
     7   3.929  -2.459   3.075
     8   4.229  -1.361   2.162
     9   5.459  -1.549   1.270
    10   5.874  -0.564   0.672
    11   4.343  -0.045   2.983
    12   5.441   0.014   4.010
    13   5.385  -0.660   5.026
    14   6.445   0.896   3.854
    15   4.018  -2.294   4.084
    16   3.360  -1.191   1.491
    17   3.378   0.148   3.499
    18   4.511   0.790   2.281
    19   6.114  -2.746   1.133
    20   7.366  -2.848   0.383
    21   7.333  -3.892  -0.737
    22   7.574  -5.055  -0.444
    23   8.504  -3.159   1.384
    24   8.723  -1.962   2.325
    25   9.809  -2.232   3.374
    26  10.019  -1.036   4.324
    27   8.906  -0.868   5.260
    28   5.772  -3.583   1.621
    29   7.632  -1.886  -0.058
    30   9.453  -3.366   0.841
    31   8.235  -4.068   1.972
    32   7.768  -1.724   2.828
    33   9.032  -1.087   1.709
    34  10.761  -2.423   2.835
    35   9.557  -3.133   3.974
    36  10.172  -0.103   3.735
    37  10.939  -1.216   4.919
    38   9.092  -0.045   5.878
    39   8.016  -0.702   4.754
    40   8.804  -1.722   5.855
    41   7.138  -3.583  -2.067
    42   6.654  -2.306  -2.618
    43   7.628  -1.136  -2.421
    44   8.756  -1.405  -2.035
    45   5.174  -2.125  -2.183
    46   4.242  -1.872  -3.340
    47   3.252  -0.972  -3.220
    48   4.328  -2.541  -4.359
    49   7.241  -4.357  -2.745
    50   6.646  -2.455  -3.720
    51   5.042  -1.383  -1.386
    52   4.810  -3.083  -1.755
    53   7.349   0.175  -2.718
    54   6.064   0.712  -3.170
    55   6.163   2.181  -3.592
    56   7.270   2.700  -3.672
    57   8.126   0.840  -2.579
    58   5.330   0.611  -2.348
    59   5.723   0.159  -4.069
    60   5.075   2.938  -3.938
    61   3.682   2.529  -3.742
    62   3.349   2.390  -2.264
    63   2.453   1.625  -1.941
    64   2.691   3.488  -4.450
    65   2.815   4.958  -4.113
    66   3.711   5.401  -3.209
    67   2.109   5.765  -4.695
    68   5.257   3.875  -4.321
    69   3.546   1.534  -4.221
    70   1.647   3.165  -4.235
    71   2.855   3.388  -5.545
    72   4.093   3.023  -1.311
    73   4.046   2.685   0.101
    74   2.785   3.001   0.867
    75   2.593   2.404   1.918
    76   4.825   3.685  -1.605
    77   4.855   3.235   0.625
    78   4.278   1.606   0.199
    79   1.947   4.010   0.505
    80   0.828   4.398   1.363
    81  -0.128   3.235   1.561
    82  -0.599   2.673   0.587
    83   0.103   5.676   0.873
    84  -0.579   5.552  -0.496
    85   0.988   6.770   0.896
    86   2.146   4.540  -0.355
    87   1.245   4.681   2.357
    88  -0.700   5.907   1.610
    89   1.583   6.709   0.105
    90  -1.379   4.786  -0.474
    91  -1.049   6.523  -0.756
    92   0.156   5.290  -1.285
    93  -0.396   2.795   2.823
    94  -1.238   1.641   3.170
    95  -2.751   2.010   3.142
    96  -3.458   1.750   4.101
    97  -0.718   1.106   4.568
    98  -1.229  -0.280   5.039
    99  -0.942   2.129   5.714
   100  -0.652  -1.457   4.250
   101   0.136   3.253   3.570
   102  -1.051   0.845   2.415
   103   0.387   0.994   4.472
   104  -2.336  -0.325   5.070
   105  -0.859  -0.439   6.077
   106  -0.490   3.120   5.527
   107  -2.014   2.292   5.926
   108  -0.459   1.764   6.643
   109  -0.957  -2.406   4.746
   110  -1.009  -1.467   3.203
   111   0.460  -1.421   4.267
   112  -3.293   2.650   2.060
   113  -4.686   3.111   1.986
   114  -5.707   1.986   1.892
   115  -6.900   2.269   1.940
   116  -4.877   4.028   0.739
   117  -4.609   3.298  -0.598
   118  -4.025   5.139   0.842
   119  -2.689   2.893   1.287
   120  -4.894   3.715   2.897
   121  -5.934   4.382   0.746
   122  -4.307   5.782   0.140
   123  -4.866   3.958  -1.451
   124  -3.550   2.993  -0.709
   125  -5.223   2.390  -0.691
   126  -5.320   0.699   1.675
   127  -6.226  -0.415   1.423
   128  -6.954  -0.253   0.088
   129  -6.963   0.830  -0.475
   130  -7.213  -0.686   2.599
   131  -6.513  -0.560   3.964
   132  -7.743  -1.981   2.444
   133  -4.313   0.484   1.636
   134  -5.568  -1.305   1.322
   135  -8.047   0.052   2.579
   136  -8.272  -2.202   3.254
   137  -6.222   0.496   4.150
   138  -7.207  -0.847   4.783
   139  -5.611  -1.202   4.002
   140  -7.597  -1.312  -0.474
   141  -8.426  -1.192  -1.665
   142  -8.055  -1.977  -2.936
   143  -8.811  -1.797  -3.883
   144  -9.868  -1.553  -1.251
   145 -10.526  -0.419  -0.455
   146 -11.982  -0.785  -0.169
   147 -12.715   0.303   0.617
   148 -14.114  -0.077   0.808
   149  -7.593  -2.202   0.029
   150  -8.432  -0.145  -2.039
   151  -9.870  -2.503  -0.666
   152 -10.502  -1.717  -2.147
   153 -10.512   0.507  -1.074
   154  -9.972  -0.225   0.488
   155 -12.016  -1.734   0.409
   156 -12.505  -0.936  -1.140
   157 -12.669   1.268   0.064
   158 -12.225   0.438   1.606
   159 -14.172  -0.982   1.329
   160 -14.605   0.665   1.355
   161 -14.585  -0.181  -0.121
   162  -7.007  -2.831  -3.159
   163  -5.935  -3.303  -2.297
   164  -6.439  -4.022  -1.073
   165  -5.840  -3.928  -0.009
   166  -4.768  -2.286  -2.176
   167  -3.406  -3.007  -2.272
   168  -2.261  -2.064  -2.470
   169  -1.275  -1.985  -1.564
   170  -2.174  -1.422  -3.506
   171  -6.991  -3.250  -4.104
   172  -5.514  -4.138  -2.898
   173  -4.848  -1.650  -1.267
   174  -4.818  -1.608  -3.056
   175  -3.391  -3.660  -3.175
   176  -3.255  -3.646  -1.379
   177  -7.609  -4.721  -1.160
   178  -8.234  -5.390  -0.045
   179  -7.611  -5.366   0.871
   180  -9.206  -4.895   0.167
   181  -8.431  -6.444  -0.329
   182  -8.112  -4.745  -2.060
   183   0.506  -0.751  -2.168
   184   1.885  -2.747  -1.051
   185   1.758  -2.892  -0.082
   186   1.907  -3.650  -1.452
   187  -1.249   1.445  -2.117
   188  -0.858   1.206  -1.240
   189  -0.751   2.252  -2.398
   190   0.526   0.584  -4.646
   191   1.257   0.562  -5.311
   192  -0.261   0.925  -5.140
   193   0.901  -2.750  -4.433
   194   0.741  -2.774  -5.409
   195   1.861  -2.962  -4.341
   196   1.135  -0.027   0.475
   197   1.822   0.499   0.002
   198   1.243   0.241   1.419
