"predict"
2.0674336414337158
1.9267987595796585
1.918224283337593
2.2108596976995467
1.8829603142738343
2.0898326567411423
1.8838661625385285
1.9115819070339204
1.9550099022388459
2.0035074965953825
1.88755384349823
1.9337666952610015
1.9725892250537873
1.8505933620929718
1.9021376478672027
1.9215067307949065
1.9722004997730256
1.8937894102334976
1.9849866526126863
1.918779648423195
2.313509641647339
2.161441291809082
1.9699864494800567
2.517967436671257
1.9065466378927232
1.9218531427383423
1.8700673258304596
1.9015483247041702
1.8499231058359147
1.9321153959035873
1.8563717632293701
1.893652221918106
1.9587775058746337
2.0784790942668914
1.955937597990036
1.8775494943857194
1.9043938615322114
2.173120344877243
2.150071880936623
1.8803117988109588
1.8849903674125672
2.0740723904371263
1.9631350220441819
1.8580427626371383
1.7800462602376939
1.795703996181488
1.843900043964386
1.5770729072093963
1.8281803742647171
1.7981278544664383
1.8208768196105958
1.873078172802925
1.656003508090973
1.772383603334427
1.8344582233428954
1.8455458382368088
1.89038215136528
1.8192770382165908
1.9108483941555023
1.8047851462364197
1.702359341263771
1.7051673494577408
1.7889006555080413
1.7702734429836273
1.8975345504283905
1.7197271045446396
1.7679175267219542
1.7133328424692154
1.6309087082147598
1.842728144288063
1.7166601266860961
1.7540930905342103
1.8978874537944794
1.852734709262848
