-0.004908751793400287
-0.0007986609277857484
0.0025100430416068868
0.0018021999043519846
0.0018021999043519846
0.0018021999043519846
-0.025521233859397415
0.06793749402199904
-0.049850454328072696
0.030386561453849832
-0.008617025346724056
-0.04859244380679101
0.025087374461979915
0.025087374461979915
0.005783978957436634
-0.016547632711621234
-7.312290769966525e-05
-7.312290769966525e-05
0.018133381157340988
-0.004118125298900048
0.0023751315160210422
0.0012253467240554757
0.024912242945958868
-0.00010291726446676231
-0.003328646580583453
0.0010961740793878527
0.00027125777140124346
-0.016763079866092778
-0.0047142515542802485
-0.007924820659971304
-0.007924820659971304
-0.0006693926351028216
-0.0006693926351028216
0.0004818747010999522
0.0004818747010999522
-0.0002876135820181731
-0.0002876135820181731
-9.440459110473456e-05
-9.440459110473456e-05
-9.440459110473456e-05
-0.054452032520325204
0.1512060736489718
-0.05490373027259684
0.01862424677187948
-0.11383218555714969
-0.04782682926829269
0.052367144906743185
0.052367144906743185
0.012383978957436634
-0.0348166905786705
0.022084361549497847
0.022084361549497847
-0.008192156862745098
0.005375418460066955
-0.022480105212816834
0.03067474892395983
0.008596700143472023
0.000760832137733142
0.000760832137733142
-0.005011095169775227
0.03109756097560976
-0.010990722142515542
0.004515494978479197
-0.030017025346724055
-0.0031212816834050696
0.010506886657101864
0.010506886657101864
0.006852080344332855
-0.014569249163079867
0.005938115734098517
0.005938115734098517
0.008179961740793877
-0.0036783835485413676
0.0052551889048302255
-0.00018952654232424676
-0.00837087517934003
0.0010791009086561453
0.0010791009086561453
-0.013382018173122907
0.023275179340028696
-0.07291195600191296
0.06463051171688187
-0.01849823051171688
0.016047010999521757
0.008187948350071738
0.001419560019129603
0.0003301769488283118
0.004896461023433764
-0.0024121951219512193
-0.003718412242945959
-0.003718412242945959
-0.003718412242945959
0.036653658536585365
-0.01958287900526064
-0.0016542802486848396
0.010287183165949306
0.02183582018173123
-0.007740937350549976
0.006325920612147298
-0.0020772357723577235
-0.006203060736489718
-0.011767670970827355
-0.015337254901960784
0.0025934959349593494
0.0025934959349593494
-0.0018340985174557626
-0.0018340985174557626
-0.0018340985174557626
0.0006583452893352464
0.0006583452893352464
0.0006583452893352464
0.003274844571975131
-0.003239120038259206
0.0011034433285509325
-0.0005474414155906265
0.005420373027259684
0.00298986131037781
0.0011318507890961263
-0.013385844093735054
-0.0015332855093256814
-0.0004884265901482545
-0.005726111908177905
-0.0010966044954567194
-0.0010966044954567194
-0.0010966044954567194
-0.0017154949784791967
0.008836154949784791
-0.00010970827355332368
-0.00037690100430416067
-0.004191822094691535
0.001003873744619799
0.00043185078909612623
-0.0014049736967957915
-0.0025628407460545196
0.00024858919177427063
0.0001719273075083692
-0.0002724533715925394
-0.0002724533715925394
-0.0002724533715925394
-0.005219799139167862
0.0100545193687231
-0.020270301291248207
0.006970062171209948
0.007321329507412721
-0.0009122429459588713
-0.002600286944045911
0.0013899091343854615
1.319942611190816e-05
0.005008656145384983
-0.001960736489717838
-0.0016439980870396938
-0.0016439980870396938
0.000528646580583453
0.000528646580583453
0.00040875179340028693
0.00040875179340028693
-0.00041506456241033
-0.00041506456241033
-1.573409851745577e-05
-1.573409851745577e-05
-1.573409851745577e-05
-0.018637780966044955
0.03975509325681493
-0.034378383548541364
0.02905308464849354
-0.06130181731229078
0.06306542324246772
-0.10270234337637493
0.06422089909134385
0.06422089909134385
0.007123912003825921
-0.006546389287422286
0.015491296030607367
0.015491296030607367
-0.01096934481109517
-0.01096934481109517
0.026048254423720704
0.0064361071257771395
-0.0024604495456719273
-0.0024604495456719273
-0.0024604495456719273
-0.024428598756575805
-0.1140323768531803
