  0.000566  0.004635 -0.000931 -0.000404 -0.000404 -0.000404 -0.021273  0.040382
 -0.019452  0.009059 -0.036277 -0.016075  0.019776  0.019776  0.007164 -0.004711
  0.007838  0.007838  0.009189 -0.004476  0.001571  0.002700  0.014226 -0.011095
 -0.002000 -0.003601 -0.003601 -0.003601 -0.024355  0.053535 -0.028762  0.022091
 -0.034710 -0.011035  0.013268  0.013268  0.007501 -0.010909  0.006677  0.006677
  0.001782  0.006982 -0.015831  0.011908 -0.000055 -0.001911 -0.001911  0.016933
 -0.019392 -0.004426  0.005295  0.012256 -0.038864  0.005566  0.062510 -0.007895
  0.003250 -0.000716 -0.000716 -0.000360 -0.000360  0.004441  0.000679 -0.003773
  0.002419 -0.003888  0.000119  0.000119  0.007490  0.021067 -0.052303  0.044379
 -0.005863 -0.001379  0.004558 -0.024370 -0.002555  0.001560 -0.008818  0.000398
  0.000398  0.000398  0.029791 -0.010332 -0.007006  0.002454  0.010165 -0.001625
 -0.002931 -0.001550 -0.005804 -0.011363 -0.002297  0.000888  0.000888  0.000326
  0.000326  0.000326  0.000454  0.000454  0.000454  0.007481  0.010667 -0.003612
  0.000195 -0.033757 -0.002847  0.010785  0.010785 -0.003115 -0.002399  0.007991
  0.007991  0.008869  0.003795  0.000744 -0.000290  0.000428 -0.000749  0.000351
  0.000351 -0.000051 -0.000051 -0.000063 -0.015108 -0.001394 -0.000306 -0.000306
 -0.000192 -0.000192  0.000024  0.000024  0.000033 -0.004104  0.004840 -0.006148
  0.000306 -0.001950 -0.001139  0.001969 -0.000557  0.000523  0.000523  0.000326
  0.000326 -0.000619 -0.000619  0.011749  0.005962 -0.004603  0.000742  0.021947
 -0.051308 -0.047779  0.049725  0.049725 -0.007444 -0.002665 -0.004863 -0.004863
  0.013592  0.013592  0.001980 -0.001790  0.000483  0.000483  0.000483 -0.001853
 -0.095442