 -0.57387  0.61280 -0.55106  0.17984  0.17984
  0.17984 -0.42892  0.18111  0.08826 -0.42748
 -0.36743  0.56543 -0.73270 -0.73270  0.33873
 -0.13918  0.14565  0.14565  0.32715 -0.94674
  1.20481 -0.72997  0.63116 -0.25998 -0.15418
  0.45904 -0.33845 -0.06297  0.26926 -0.14329
 -0.14329  0.09715  0.09715  0.05446  0.05446
 -0.05107 -0.05107  0.34274  0.34274  0.34274
 -1.25982  1.10034 -0.34937 -0.42156 -1.06887
  1.04356 -0.84314 -0.84314  0.73954 -0.11689
  0.27290  0.27290  0.43445 -0.64808  0.77977
 -0.63845 -0.08373  0.24037  0.24037 -0.39494
  0.13891  0.13497 -0.50569 -0.30255  0.59023
 -0.92270 -0.37057  0.22629  0.05707  0.16328
  0.16328  0.43365  0.43365  0.23076 -0.71295
  0.88317 -0.64334  0.04218  0.25854  0.25854
 -0.63630 -0.05817  0.61378 -0.50130 -0.07332
  0.17945 -0.15059 -0.15059 -0.39931 -0.39931
  0.53033 -0.58040  0.34656  0.10067  0.01663
  0.01663  0.16275  0.16275  0.20133  0.20133
  0.42291 -0.61427  0.20988  0.08348 -0.41500
  0.03317 -0.01177 -0.14528 -0.07132  0.38275
 -0.00168  0.06647  0.03489  0.03489  0.06902
  0.06902  0.06902  0.03441  0.03441  0.03441
  0.15176 -0.33373  0.44381 -0.35451  0.57441
 -0.61550 -0.56511  0.12429 -0.10596 -0.10596
  0.34918 -0.31313  0.23163  0.31453 -0.53968
 -0.25051  0.34807  0.00875  0.08546  0.08546
  0.08546 -0.07330  0.00161  0.32417 -0.56660
  0.00879  0.23224  0.06647  0.02028  0.02028
  0.02028 -0.08298  0.16752  0.23880 -0.51494
  0.18012  0.18753  0.16787 -0.31861 -0.31861
  0.04285  0.01215 -0.08442 -0.08442 -0.00685
 -0.00685  0.00032 -0.01345  0.05554  0.05554
  0.05554 -0.12916  1.68175 -0.47130  0.29610
  0.29610
