Example script with input output: MLnew.py

Data to train with: TrainDistance(forrealmodels).txt

Output directory: dir/OUTPUT.txt
_____________________________________________________________________________________________________________________________________________________________
TrainDistance(forrealmodels).txt


C1Ca,C2Ca,C3Ca,O4Ca,O5Ca,C6Ca,C7Ca,C8Ca,O9Ca,O10Ca,C11Ca,C12Ca,C13Ca,C14Ca,O15Ca,O16Ca,Cach
4.41638506020478,4.35557906597963,3.42105334655862,2.55948061137411,4.11728697080978,5.10701351084956,4.92586500018017,3.59223120079986,2.53890882073382,3.90117392588436,6.89151253354443,5.50313701446729,4.52220499314217,3.07516080880334,2.63505047389988,2.69751033362247,2.267233
4.64331034930899,4.69206660225534,3.86738503384392,2.79911807539446,4.85760856800957,5.07087191713614,4.58921703561729,3.10298743149243,2.61679918985007,2.82351483084471,6.90465596536134,5.52036719793167,4.42329481269336,3.00929144484213,2.84532247733012,2.73613815440668,2.809968
4.52797316688162,4.39570938529835,3.7200470427133,2.77657991060945,4.68170161372977,5.29177531646989,4.68813395713049,3.18003050299836,2.63695373489942,2.96509982968534,7.14589938356257,5.84792997564095,4.62618892826481,3.25038366966117,2.85726547594024,2.95525599567956,3.857055
4.52797316688162,4.39570938529835,3.7200470427133,2.77657991060945,4.68170161372977,5.29177531646989,4.68813395713049,3.18003050299836,2.63695373489942,2.96509982968534,7.14589938356257,5.84792997564095,4.62618892826481,3.25038366966117,2.85726547594024,2.95525599567956,4.107352
4.39434249916867,4.51427269889625,3.7573087443009,2.64536897237417,4.85314382642839,5.20571897051694,4.69937453285009,3.30651402537476,3.43715972861314,2.56460250331313,6.99591430765129,5.65593237229725,4.57112601007673,3.14932627715834,2.85979212531261,2.73369566704123,3.483489
4.29169896427977,4.52465015222172,3.80363760103404,2.69831595629571,4.88727275686553,5.14843704438541,4.94221863134362,3.63540121582199,2.55765009334741,4.02696771777475,6.83957973855119,5.38273740767651,4.54934028184307,3.03231743061309,2.69908465965779,2.65094775504912,0.843747
4.29169896427977,4.52465015222172,3.80363760103404,2.69831595629571,4.88727275686553,5.14843704438541,4.94221863134362,3.63540121582199,2.55765009334741,4.02696771777475,6.83957973855119,5.38273740767651,4.54934028184307,3.03231743061309,2.69908465965779,2.65094775504912,1.678334
4.42486395271086,4.47277553650974,3.80188939870691,2.81631621093939,4.79742118226032,4.93985485616734,4.79894738458342,3.59655752074119,4.03021500667148,2.57388985778335,6.80585336309856,5.4125027482672,4.4032157566942,2.91971043084755,2.57885362128214,2.600521678433,1.193159
4.42486395271086,4.47277553650974,3.80188939870691,2.81631621093939,4.79742118226032,4.93985485616734,4.79894738458342,3.59655752074119,4.03021500667148,2.57388985778335,6.80585336309856,5.4125027482672,4.4032157566942,2.91971043084755,2.57885362128214,2.600521678433,2.243367
4.56213995839672,4.22957657455211,3.45404632279302,3.00832927054204,4.09195368986503,4.70645567279667,4.26665829426262,2.86377041677576,2.58308749367884,2.52683616405971,6.97612399545765,5.56856911602972,4.52105596072422,3.05376538064076,2.73987171232523,2.7010405402363,2.178259
4.94490333575896,4.68266782934686,3.74196806506951,2.81732248775322,4.57623349491697,4.79589407722898,4.4488930083786,3.00428593845526,2.73819703454664,2.52102201497726,6.93705225582164,5.57499363228336,4.56658044930778,3.09566584113984,2.84825455323081,2.72593121703392,2.443124
4.48258619549028,4.22654480634004,3.38928753575143,2.68781658600433,4.02165562921541,5.1746654964355,4.81961129138025,3.63104915967823,4.03114834755557,2.65133871845904,6.96105782191184,5.56739966231992,4.54493894348428,3.05132004221124,2.74534260157089,2.66111818602632,0.686729
4.48258619549028,4.22654480634004,3.38928753575143,2.68781658600433,4.02165562921541,5.1746654964355,4.81961129138025,3.63104915967823,4.03114834755557,2.65133871845904,6.96105782191184,5.56739966231992,4.54493894348428,3.05132004221124,2.74534260157089,2.66111818602632,2.140963
5.35986007280041,5.65178732791672,4.82259266370279,5.49366908359068,3.6314735301252,5.65497126429481,4.90246876583625,3.48588582716072,3.43700450974391,2.74965452375385,6.943723784829,5.7054885855639,4.36372547257501,3.0774339960428,2.99026754655833,2.68382190169169,1.517658
5.32805780749421,5.76500650476648,5.33604722617782,6.20010483782331,4.08492349989568,5.59152036569662,4.5526695465408,3.06542003647135,2.58412460999852,2.86262117647445,6.87044394489904,5.38168189323746,4.64913970536485,3.13434203621749,2.79481663083644,2.78549816011428,3.982882
5.35986007280041,5.65178732791672,4.82259266370279,5.49366908359068,3.6314735301252,5.65497126429481,4.90246876583625,3.48588582716072,3.43700450974391,2.74965452375385,6.943723784829,5.7054885855639,4.36372547257501,3.0774339960428,2.99026754655833,2.68382190169169,0.964732
4.9589817503193,5.36206117085584,4.96277140315772,5.86407707998454,3.71936822592224,5.48936244021107,4.54468920829577,3.03278749667695,2.69933325100848,2.60019230058086,6.72262597501898,5.36376733276155,4.34835601118399,2.87897551222653,2.6387307554959,2.51408034875578,2.435754
5.35986007280041,5.65178732791672,4.82259266370279,5.49366908359068,3.6314735301252,5.65497126429481,4.90246876583625,3.48588582716072,3.43700450974391,2.74965452375385,6.943723784829,5.7054885855639,4.36372547257501,3.0774339960428,2.99026754655833,2.68382190169169,1.453513
5.16614943647587,5.46551004024326,5.19708572182525,6.17111821309558,4.1914317362925,5.47289685632755,4.51469821804293,3.04489737101269,2.59316409045013,2.76741756878141,6.91601764023198,5.42313562434133,4.73481784232509,3.21672193389482,2.80873637068345,2.77625647230223,3.677812
5.0836797696157,5.42304342597401,5.21678061643386,6.25770724786643,4.18600047778305,5.84397980831556,4.90850282672833,3.43330744326808,2.95902010807632,3.10724958765787,6.7370245657857,5.30458292422694,4.58852917610861,3.1092925240318,2.61658173959844,2.73569004092204,2.326567
5.26583326739463,5.70083327242606,5.32587082081419,6.2778101277436,4.11205544709699,5.7825081063497,4.7822693357861,3.26720063663069,2.73067757159281,3.03161673039321,7.05751372651871,5.54777432850327,4.69627511970924,3.18304885290816,2.73925172264251,2.87059227338192,0.038393
5.26583326739463,5.70083327242606,5.32587082081419,6.2778101277436,4.11205544709699,5.7825081063497,4.7822693357861,3.26720063663069,2.73067757159281,3.03161673039321,7.05751372651871,5.54777432850327,4.69627511970924,3.18304885290816,2.73925172264251,2.87059227338192,-0.171532
5.19317821762359,5.28944231464906,5.11332572793872,6.19200290697607,3.96548862058637,5.62617987625707,4.82066385469885,3.30019696381898,2.84524164175909,2.82641115197347,6.99562005829362,5.50721345146527,4.64454518763679,3.12937693479069,2.7679053452024,2.77137150162154,-0.076397
4.88729986802528,5.32265910988106,4.73693994051012,5.67919888716709,3.423813663154,5.54506086531068,4.71546392203355,3.21130814466629,2.9134687230173,2.72183761455382,6.85047443612484,5.42485022834732,4.52558283539258,3.03160023749834,2.66627080395072,2.69983332818898,1.410616
5.60959891614365,5.8158920210059,5.22677720971538,6.03179077886493,3.96621986279128,5.74572884845778,4.57308429837019,3.23142383478243,2.84648906549806,3.00368107494787,6.95591834339651,5.50779447692087,4.7659836340466,3.24938455711231,2.90368731098926,2.83700546351254,0.873067
5.60959891614365,5.8158920210059,5.22677720971538,6.03179077886493,3.96621986279128,5.74572884845778,4.57308429837019,3.23142383478243,2.84648906549806,3.00368107494787,6.95591834339651,5.50779447692087,4.7659836340466,3.24938455711231,2.90368731098926,2.83700546351254,0.716228
5.04508671877897,5.48884322967964,5.00568676606917,5.92456749476281,3.79253213565819,5.47165422884158,4.54459019054523,3.05380091034107,2.78109690589882,2.63782107050498,6.91173639543639,5.45842468116947,4.5927878244047,3.07788888688335,2.65280983110361,2.72970694397769,3.033907
5.80223232902647,5.92827124885493,5.24657030830617,6.09114931683668,3.93143739616949,5.63054171461326,4.6484943799041,3.15908214518078,2.89440840242009,2.75501361158163,7.1542225293878,5.69498902545035,4.7476415197443,3.29311402778586,2.61126406171417,3.29866639719751,0.569565
4.76892021321389,5.20248017776137,4.81975103091436,5.72634263732096,3.54742159885176,5.47000914076019,4.69166281823407,3.19083061286556,2.68214466425657,2.8224988928253,6.91332770813014,5.50150888393357,4.52001106193336,3.0686479107255,2.53136326907064,2.99467861380816,4.218805
5.28274549831808,5.46387225326507,4.9520197899443,5.88047617119566,3.73969250072783,5.55810219409467,4.501421997547,3.02421890742056,2.68300204994331,2.55910140479037,6.82446334886487,5.36192129744553,4.56897143786214,3.05047537279028,2.77171427098827,2.61602752279099,3.010211
5.1387255229288,5.33273850849635,5.22188663224318,6.35059052372296,4.28781995890685,5.52856220006613,4.26199483810105,2.9967649223788,2.86421018781792,2.59996153817706,6.90464336515652,5.40467390320637,4.65262291616245,3.1372280758657,2.69421602697334,2.86740300620614,3.619179
5.11568177274544,5.3787080233082,5.23496895883824,6.29077896607407,4.1230692451134,5.55323329241623,4.60992407746592,3.10980706797062,2.68253611345681,2.78248090739182,6.70481916236374,5.21158325271697,4.48336926875313,2.99781587159719,2.76139457521014,2.58263431402899,0.69547
5.11568177274544,5.3787080233082,5.23496895883824,6.29077896607407,4.1230692451134,5.55323329241623,4.60992407746592,3.10980706797062,2.68253611345681,2.78248090739182,6.70481916236374,5.21158325271697,4.48336926875313,2.99781587159719,2.76139457521014,2.58263431402899,2.622163
4.64803184154325,5.04767273107122,4.37659685143606,5.27146089808129,3.15044441309476,5.18145732395819,4.49938884738805,3.12264311121203,2.68330020683485,2.87704709728569,6.78238895965132,5.38580541794818,4.41683144346714,2.93589849960792,2.77382407517131,2.52582659737363,-1.335076
4.64803184154325,5.04767273107122,4.37659685143606,5.27146089808129,3.15044441309476,5.18145732395819,4.49938884738805,3.12264311121203,2.68330020683485,2.87704709728569,6.78238895965132,5.38580541794818,4.41683144346714,2.93589849960792,2.77382407517131,2.52582659737363,2.839351
5.07279015927133,5.58472022575885,4.99985999803994,5.92932542537513,3.73846225071218,5.53206109872261,4.64457748347468,3.14442363558093,2.75994565163882,2.67413537428455,6.99228860960415,5.56602191874951,4.54124432287011,3.0944789545253,2.69514378095122,2.87689068266419,4.04243
5.12588528939149,5.6460517177936,5.18446718573857,6.11700907306831,4.14276477729548,5.36212644386534,4.56197325726488,3.05216316732903,2.59638209822823,2.72959703985771,6.90416540937426,5.48515268702705,4.66804027403363,3.17768783866509,2.93894538908092,2.66889490238938,3.273139
5.32240547121318,5.07279015927133,4.28177533273291,4.98126489960131,3.07021171908389,5.52425560596177,4.68591506538478,3.2569003669133,2.71355854921172,3.09536750645218,6.98675174884581,5.63839516174594,4.54912079417551,3.11507624304767,2.87215946632495,2.71976101891324,4.40164
4.87771462879902,4.89615154994206,4.61148566082559,5.65976147907312,3.47959767789324,5.58648368833204,4.54476622061025,3.07691403844826,2.78858386999566,2.68923781023545,6.79327608742645,5.28896020026621,4.55154918681541,3.04942617552877,2.66837028914654,2.73979926271981,3.256767
5.01347185092326,5.33183833213273,4.97555022082985,5.9354359570296,3.76862043724225,5.5539625493876,4.65705915788065,3.16167677032299,2.79352823504614,2.67392969241901,6.93337580115199,5.52314222159813,4.53145671942257,3.09265258313959,2.57972866790289,2.85779635383629,3.539147
4.64803184154325,5.04767273107122,4.37659685143606,5.27146089808129,3.15044441309476,5.18145732395819,4.49938884738805,3.12264311121203,2.68330020683485,2.87704709728569,6.78238895965132,5.38580541794818,4.41683144346714,2.93589849960792,2.77382407517131,2.52582659737363,-1.335076
4.64803184154325,5.04767273107122,4.37659685143606,5.27146089808129,3.15044441309476,5.18145732395819,4.49938884738805,3.12264311121203,2.68330020683485,2.87704709728569,6.78238895965132,5.38580541794818,4.41683144346714,2.93589849960792,2.77382407517131,2.52582659737363,2.839351
5.31817637917359,5.52876116322635,5.08821186665807,5.99342973596921,3.76017286836656,5.42299732620255,4.26920367281768,2.94538622255215,2.56750851994692,2.73939774403061,6.88129348305971,5.37904266575382,4.55910078853275,3.15819568741394,2.79309863771403,2.8350661367947,2.889431
5.09407498963256,5.36470875257921,5.04336197392176,6.05637680465805,3.81583542622058,5.52992766679638,4.61687123493823,3.09925797570967,2.59146676613843,2.82791442586228,6.90667068854451,5.46148331499786,4.53452312818007,3.01378499564916,2.70841281934641,2.51884894346604,-1.480287
4.81583845244003,4.87607424061611,4.75398779973193,5.80801170797718,3.72605689704277,5.59110901342479,4.58662185055625,3.11109305550316,2.83384897268715,2.63398936975835,6.75445038474634,5.2585264095562,4.62351597812747,3.15196763942779,2.99247389295212,2.58478238929315,3.209114
5.1050856995745,5.53217859436949,5.294572692862,6.37191493979635,4.13281986057945,5.60860945333155,4.52382581450701,3.01121238042088,2.74870878777654,2.56557985648469,6.69543127811794,5.21117069380768,4.52453312508595,3.02815125117621,2.7029428406831,2.53893678534934,2.904729
5.23011472149512,5.36362750384476,4.87493589701444,5.78323438916321,3.55382892103713,5.53643387028149,4.4467291349935,2.99457843443781,2.73689605209989,2.67733076029093,7.02228595259407,5.58807659217373,4.63868515853361,3.33055550922064,3.45092741158083,2.59957688864938,1.678217
4.9449064702985,5.35608999177572,5.01112761761262,6.01114797688428,3.78208936964741,5.44427221949821,4.49938884738806,3.00138301454513,2.68007462582668,2.6660270066149,7.01276692896605,5.57539236287456,4.64604132568793,3.14922212617656,2.70012962651796,2.84022886401783,3.535541
4.99636868135249,5.27404019704059,5.00450796782261,6.01272816614888,3.86402639742536,5.4906921239494,4.51702335614949,2.99399398796992,2.69157946195166,2.60007692193904,7.14413045793538,5.70552363942172,4.63642103351281,3.16317878091011,3.00249895920048,2.55344864839691,-5.031832
4.64803184154325,5.04767273107122,4.37659685143606,5.27146089808129,3.15044441309476,5.18145732395819,4.49938884738805,3.12264311121203,2.68330020683485,2.87704709728569,6.78238895965132,5.38580541794818,4.41683144346714,2.93589849960792,2.77382407517131,2.52582659737363,-1.335076
4.64803184154325,5.04767273107122,4.37659685143606,5.27146089808129,3.15044441309476,5.18145732395819,4.49938884738805,3.12264311121203,2.68330020683485,2.87704709728569,6.78238895965132,5.38580541794818,4.41683144346714,2.93589849960792,2.77382407517131,2.52582659737363,2.839351
4.99636868135249,5.27404019704059,5.00450796782261,6.01272816614888,3.86402639742536,5.4906921239494,4.51702335614949,2.99399398796992,2.69157946195166,2.60007692193904,7.14413045793538,5.70552363942172,4.63642103351281,3.16317878091011,3.00249895920048,2.55344864839691,3.725179
4.64803184154325,5.04767273107122,4.37659685143606,5.27146089808129,3.15044441309476,5.18145732395819,4.49938884738805,3.12264311121203,2.68330020683485,2.87704709728569,6.78238895965132,5.38580541794818,4.41683144346714,2.93589849960792,2.77382407517131,2.52582659737363,-1.335076
4.64803184154325,5.04767273107122,4.37659685143606,5.27146089808129,3.15044441309476,5.18145732395819,4.49938884738805,3.12264311121203,2.68330020683485,2.87704709728569,6.78238895965132,5.38580541794818,4.41683144346714,2.93589849960792,2.77382407517131,2.52582659737363,2.839351
5.15198990682241,5.30724975858495,4.92691587100897,5.93060705155889,3.86451808121012,5.57359847854149,4.4681763617834,3.02107596726729,2.69744323387907,2.62232721070426,6.97420246336454,5.51286676784411,4.64290857114374,3.13386343033643,2.86517015201541,2.65439258588476,3.292344
5.05547228258647,5.62377097684464,5.3638325850086,6.32095720599341,4.12133473525265,5.13422827696626,4.29970929249874,3.02492975125043,2.66159726480172,2.56224510927429,6.70913556279794,5.21369350844485,4.53877736841101,3.13327304906547,2.93196180056971,2.67106720244924,1.941078
5.26688712618754,5.69218762867143,5.3325134786515,6.29776944639926,4.09210214926265,5.58627783054155,4.51905963669434,3.03463342102469,2.69523653878467,2.74741696871807,6.8900362843747,5.45606085010056,4.63073428302683,3.13810452343449,2.84207670550955,2.68425036090153,4.019486
4.99988999878997,5.2095297292558,4.48295661366469,5.20756180952277,3.22144377570057,5.41489612088727,4.58995642680843,3.0696742498187,2.7989640940891,2.6316914712785,7.02021367196184,5.57982974650661,4.65031181750214,3.19595056282165,2.66037591328745,3.07574381247854,-1.1825
4.99988999878997,5.2095297292558,4.48295661366469,5.20756180952277,3.22144377570057,5.41489612088727,4.58995642680843,3.0696742498187,2.7989640940891,2.6316914712785,7.02021367196184,5.57982974650661,4.65031181750214,3.19595056282165,2.66037591328745,3.07574381247854,2.089598
5.14911642905849,5.50016363392945,4.98848674449477,5.94148971218499,3.80302511167097,5.62197474202793,4.51708977108049,3.09840281435452,2.68493947790262,2.86804811675118,6.82773022314151,5.37085654248929,4.49867758346828,2.97191857223579,2.64429574745338,2.54623251098559,2.336482
4.96491691773387,5.41856069450182,5.09829383225408,6.10798657496887,4.00852840828152,5.49863619454861,4.42815988871224,3.00569459526413,2.71731485109841,2.69722079185224,7.04137770610269,5.57259365107488,4.72932341884122,3.23705112718351,3.08566038312709,2.57394638638803,3.300681
4.97081482254168,5.40327678358236,5.4021292098579,6.5191563871409,4.29057105756332,5.15123286214087,4.31176298049881,2.89515111868103,2.61292939055001,2.62682317638626,6.86711729912923,5.44967888962276,4.64104514091384,3.12592386343621,2.75813342679429,2.72442654516506,5.064836
5.49507051820083,6.03881610913927,5.41335385874597,6.20893710710617,4.14838522801342,5.50655064445974,4.62385120867876,3.10807014077868,2.68367285636681,2.77261609315102,6.78512343292294,5.31189231818567,4.50819254247198,2.99202272718641,2.76249886877804,2.55176409567969,2.614514
4.64803184154325,5.04767273107122,4.37659685143606,5.27146089808129,3.15044441309476,5.18145732395819,4.49938884738805,3.12264311121203,2.68330020683485,2.87704709728569,6.78238895965132,5.38580541794818,4.41683144346714,2.93589849960792,2.77382407517131,2.52582659737363,-1.335076
4.64803184154325,5.04767273107122,4.37659685143606,5.27146089808129,3.15044441309476,5.18145732395819,4.49938884738805,3.12264311121203,2.68330020683485,2.87704709728569,6.78238895965132,5.38580541794818,4.41683144346714,2.93589849960792,2.77382407517131,2.52582659737363,2.839351
4.64803184154325,5.04767273107122,4.37659685143606,5.27146089808129,3.15044441309476,5.18145732395819,4.49938884738805,3.12264311121203,2.68330020683485,2.87704709728569,6.78238895965132,5.38580541794818,4.41683144346714,2.93589849960792,2.77382407517131,2.52582659737363,-1.335076
4.64803184154325,5.04767273107122,4.37659685143606,5.27146089808129,3.15044441309476,5.18145732395819,4.49938884738805,3.12264311121203,2.68330020683485,2.87704709728569,6.78238895965132,5.38580541794818,4.41683144346714,2.93589849960792,2.77382407517131,2.52582659737363,2.839351
5.48411341968782,5.76414781212279,5.31921986761217,6.23674594640507,4.16942442070846,5.43372800202587,4.37783051293674,2.9429407061645,2.50519460321948,2.78053951599326,6.86228096189599,5.38725347463808,4.63816774168421,3.11192866242143,2.7260227438523,2.88565417193398,2.90289
4.59643339993086,4.71154963891923,4.05603254424813,4.92960444660623,2.81080059769454,5.36027051556169,4.51008869092393,2.99949995832639,2.66033832434899,2.57435428797203,6.95678805196766,5.56160947927845,4.66311054983688,3.14625173817989,2.69875897404714,2.79309863771403,2.405996
4.64803184154325,5.04767273107122,4.37659685143606,5.27146089808129,3.15044441309476,5.18145732395819,4.49938884738805,3.12264311121203,2.68330020683485,2.87704709728569,6.78238895965132,5.38580541794818,4.41683144346714,2.93589849960792,2.77382407517131,2.52582659737363,-1.335076
4.64803184154325,5.04767273107122,4.37659685143606,5.27146089808129,3.15044441309476,5.18145732395819,4.49938884738805,3.12264311121203,2.68330020683485,2.87704709728569,6.78238895965132,5.38580541794818,4.41683144346714,2.93589849960792,2.77382407517131,2.52582659737363,2.839351
5.12442191861676,5.41957562914293,4.75008420977987,5.61769525695369,3.44245551895736,5.31851483028862,4.36602794310802,2.96143546274438,2.66480768536869,2.59511078761582,6.88939765146417,5.425449290151,4.60341177823579,3.08326126041891,2.72222335600883,2.61658173959844,2.461259
_____________________________________________________________________________________________________________________________________________________________
MLnew.py


#!/usr/bin/env python3
# -*- coding: utf-8 -*-
"""
Created on Tue Jul  9 14:36:40 2019

@author: nate
"""
import random
import h2o 
h2o.init()

output_path = "dir/OUTPUT.txt"
train = 'dir/TrainDistance(forrealmodels).txt'



class_df = h2o.import_file(train,sep=",")
X = class_df.col_names[:-1]
Y = class_df.col_names[-1]
testsize = 0.06
training, valid= class_df.split_frame([1-testsize], seed=random.randrange(1,999999999,1))

drf = h2o.estimators.H2ORandomForestEstimator()
drf.train(x=X, y=Y, training_frame=training, validation_frame=valid)
drf.model_performance()
pred = drf.predict(valid)

print(h2o.as_list(valid))

#Print Prediction as python list
print(h2o.as_list(pred[0]))

Error = drf.rmse(valid=True)
print("Error:")
print(Error)
Chargedf = h2o.as_list(valid[Y])
meanvalue = Chargedf['Cach'].mean()
ProportionError = Error/meanvalue
print("ProportionError:")
print(ProportionError)
###########
#MAKEPLOTS#
###########
import pandas as pd
import numpy as np
import matplotlib as mpl
import matplotlib.pyplot as plt
import matplotlib.colors as colors
from mpl_toolkits.axes_grid1 import make_axes_locatable

import matplotlib.pyplot as plt


import seaborn as sns
sns.set(style='whitegrid',
        rc={'lines.linewidth': 2.5,
        'figure.figsize': (10, 8),
        'text.usetex': False,
        # 'font.family': 'sans-serif',
        # 'font.sans-serif': 'Optima LT Std',
        })

from pandas import set_option
set_option("display.max_rows", 10)
pd.options.mode.chained_assignment = None

# Plot outputs
import pylab as pl

#matplotlib inline
pl.plot((h2o.as_list(pred[0])), Chargedf,'ro')
pl.plot([0,5],[0,5], 'g-')
pl.xlabel('pred')
pl.ylabel('Charge')
pl.show()

fig = plt.figure()
ax = fig.add_subplot(111)
ax.set_xlim(0, int(72*testsize +3))
ax.set_ylim(0, 5)
plt.plot(Chargedf, color='red')
plt.title("Charge")
plt.legend();

fig = plt.figure()
ax = fig.add_subplot(111)
ax.set_xlim(0, int(72*testsize +3))
ax.set_ylim(0, 5)
plt.plot(h2o.as_list(pred[0]), color='blue')
plt.title("RF (Predictions)")
plt.legend();

fig = plt.figure()
ax = fig.add_subplot(111)
ax.set_xlim(0, int(72*(testsize) +3))
ax.set_ylim(0, 5)
plt.plot(Chargedf, color='red', label = 'Charge')
plt.plot(h2o.as_list(pred[0]), color='blue', label = 'Predictions')
plt.legend(loc='best')
plt.show()



from sklearn.metrics import r2_score
r2score = (r2_score(Chargedf, h2o.as_list(pred[0])))
print(r2score)

from scipy.stats.stats import pearsonr
pearsonrscore=(pearsonr(Chargedf, h2o.as_list(pred[0])))
print(pearsonrscore)

#with open('output_path, 'a+') as f:
   # print(h2o.as_list(pred[0]).values.tolist(), Chargedf.values.tolist(), Error, ProportionError, r2score, pearsonrscore, file=f, sep=',')
_____________________________________________________________________________________________________________________________________________________________
OUTPUT.txt will be sent to output_path if the comments are removed
Otherwise, the output is contained in the Spyder terminal and contains predictions on the validation set, Error, Proportion Error, r^2, and 'Pearson r' as well as graphs.
