Resp charges for organic molecule

 &cntrl

 nmol = 1,
 ihfree = 1,
 ioutopt = 1,
 qwt = 0.00050,
 iqopt = 2,
 ipol = 4,
 ipolbond = 0,
 ipol_iter = 50,
 n12 = 0,
 n13 = 0,
 n14 = 1,
 scee = 1.0,
 iscreen = 1,

 &end
    1.0
Resp charges for organic molecule
    0  189
    6    0        6.34290   2.58740
    6    0        8.74220   2.58740
    8    0        4.08190   2.58740
    1    0        2.87130   2.58740
    1    0        2.87130   2.58740
    1    0        2.87130   2.58740
    7    0        6.48040   2.58740
    6    0        6.34290   2.58740
    6    0        8.74220   2.58740
    8    0        4.08190   2.58740
    6    0        6.34290   2.58740
    6    0        8.74220   2.58740
    8    0        4.08190   2.58740
    8   13        4.08190   2.58740
    1    0        2.87130   2.58740
    1    0        2.87130   2.58740
    1    0        2.87130   2.58740
    1    0        2.87130   2.58740
    7    0        6.48040   2.58740
    6    0        6.34290   2.58740
    6    0        8.74220   2.58740
    8    0        4.08190   2.58740
    6    0        6.34290   2.58740
    6    0        6.34290   2.58740
    6    0        6.34290   2.58740
    6    0        6.34290   2.58740
    7    0        6.48040   2.58740
    1    0        2.87130   2.58740
    1    0        2.87130   2.58740
    1    0        2.87130   2.58740
    1    0        2.87130   2.58740
    1    0        2.87130   2.58740
    1    0        2.87130   2.58740
    1    0        2.87130   2.58740
    1    0        2.87130   2.58740
    1    0        2.87130   2.58740
    1    0        2.87130   2.58740
    1    0        2.87130   2.58740
    1   38        2.87130   2.58740
    1   38        2.87130   2.58740
    7    0        6.48040   2.58740
    6    0        6.34290   2.58740
    6    0        8.74220   2.58740
    8    0        4.08190   2.58740
    6    0        6.34290   2.58740
    6    0        8.74220   2.58740
    8    0        4.08190   2.58740
    8   47        4.08190   2.58740
    1    0        2.87130   2.58740
    1    0        2.87130   2.58740
    1    0        2.87130   2.58740
    1    0        2.87130   2.58740
    7    0        6.48040   2.58740
    6    0        6.34290   2.58740
    6    0        8.74220   2.58740
    8    0        4.08190   2.58740
    1    0        2.87130   2.58740
    1    0        2.87130   2.58740
    1    0        2.87130   2.58740
    7    0        6.48040   2.58740
    6    0        6.34290   2.58740
    6    0        8.74220   2.58740
    8    0        4.08190   2.58740
    6    0        6.34290   2.58740
    6    0        8.74220   2.58740
    8    0        4.08190   2.58740
    8   66        4.08190   2.58740
    1    0        2.87130   2.58740
    1    0        2.87130   2.58740
    1    0        2.87130   2.58740
    1    0        2.87130   2.58740
    7    0        6.48040   2.58740
    6    0        6.34290   2.58740
    6    0        8.74220   2.58740
    8    0        4.08190   2.58740
    1    0        2.87130   2.58740
    1    0        2.87130   2.58740
    1    0        2.87130   2.58740
    7    0        6.48040   2.58740
    6    0        6.34290   2.58740
    6    0        8.74220   2.58740
    8    0        4.08190   2.58740
    6    0        6.34290   2.58740
    6    0        6.34290   2.58740
    8    0        4.14910   2.58740
    1    0        2.87130   2.58740
    1    0        2.87130   2.58740
    1    0        2.87130   2.58740
    1    0        2.87130   2.58740
    1    0        2.87130   2.58740
    1    0        2.87130   2.58740
    1    0        2.87130   2.58740
    7    0        6.48040   2.58740
    6    0        6.34290   2.58740
    6    0        8.74220   2.58740
    8    0        4.08190   2.58740
    6    0        6.34290   2.58740
    6    0        6.34290   2.58740
    6    0        6.34290   2.58740
    6    0        6.34290   2.58740
    1    0        2.87130   2.58740
    1    0        2.87130   2.58740
    1    0        2.87130   2.58740
    1    0        2.87130   2.58740
    1    0        2.87130   2.58740
    1    0        2.87130   2.58740
    1    0        2.87130   2.58740
    1    0        2.87130   2.58740
    1    0        2.87130   2.58740
    1    0        2.87130   2.58740
    1    0        2.87130   2.58740
    7    0        6.48040   2.58740
    6    0        6.34290   2.58740
    6    0        8.74220   2.58740
    8    0        4.08190   2.58740
    6    0        6.34290   2.58740
    6    0        6.34290   2.58740
    8    0        4.14910   2.58740
    1    0        2.87130   2.58740
    1    0        2.87130   2.58740
    1    0        2.87130   2.58740
    1    0        2.87130   2.58740
    1    0        2.87130   2.58740
    1    0        2.87130   2.58740
    1    0        2.87130   2.58740
    7    0        6.48040   2.58740
    6    0        6.34290   2.58740
    6    0        8.74220   2.58740
    8    0        4.08190   2.58740
    6    0        6.34290   2.58740
    6    0        6.34290   2.58740
    8    0        4.14910   2.58740
    1    0        2.87130   2.58740
    1    0        2.87130   2.58740
    1    0        2.87130   2.58740
    1    0        2.87130   2.58740
    1    0        2.87130   2.58740
    1    0        2.87130   2.58740
    1    0        2.87130   2.58740
    7    0        6.48040   2.58740
    6    0        6.34290   2.58740
    6    0        8.74220   2.58740
    8    0        4.08190   2.58740
    6    0        6.34290   2.58740
    6    0        6.34290   2.58740
    6    0        6.34290   2.58740
    6    0        6.34290   2.58740
    7    0        6.48040   2.58740
    1    0        2.87130   2.58740
    1    0        2.87130   2.58740
    1    0        2.87130   2.58740
    1    0        2.87130   2.58740
    1    0        2.87130   2.58740
    1    0        2.87130   2.58740
    1    0        2.87130   2.58740
    1    0        2.87130   2.58740
    1    0        2.87130   2.58740
    1    0        2.87130   2.58740
    1    0        2.87130   2.58740
    1  159        2.87130   2.58740
    1  159        2.87130   2.58740
    7    0        6.48040   2.58740
    6    0        6.34290   2.58740
    6    0        8.74220   2.58740
    8    0        4.08190   2.58740
    6    0        6.34290   2.58740
    6    0        6.34290   2.58740
    6    0        8.74220   2.58740
    8    0        4.08190   2.58740
    8  169        4.08190   2.58740
    1    0        2.87130   2.58740
    1    0        2.87130   2.58740
    1    0        2.87130   2.58740
    1    0        2.87130   2.58740
    1    0        2.87130   2.58740
    1    0        2.87130   2.58740
    7    0        6.48040   2.58740
    6    0        6.34290   2.58740
    1    0        2.87130   2.58740
    1    0        2.87130   2.58740
    1    0        2.87130   2.58740
    1    0        2.87130   2.58740
   20    0        3.26000   2.58740
    8  -99        3.56312   2.44100
    1  -99        1.14717   2.44100
    1  -99        1.14717   2.44100
    8  -99        3.56312   2.44100
    1  -99        1.14717   2.44100
    1  -99        1.14717   2.44100
 

