     1   0.404   2.810   4.906
     2  -0.241   2.546   3.579
     3   0.327   2.880   2.553
     4   1.435   3.200   4.783
     5  -0.204   3.557   5.460
     6   0.438   1.869   5.495
     7  -1.450   1.928   3.545
     8  -2.217   1.639   2.335
     9  -3.037   2.869   1.963
    10  -4.257   2.862   2.069
    11  -3.046   0.368   2.629
    12  -4.105  -0.001   1.639
    13  -5.257  -0.092   2.022
    14  -3.837  -0.254   0.353
    15  -1.848   1.631   4.450
    16  -1.552   1.387   1.478
    17  -3.578   0.511   3.593
    18  -2.344  -0.487   2.742
    19  -2.399   3.977   1.501
    20  -3.066   5.209   1.107
    21  -4.014   4.954  -0.055
    22  -5.157   5.376   0.013
    23  -1.996   6.269   0.750
    24  -1.207   6.675   2.015
    25  -0.029   7.603   1.695
    26   0.610   8.183   2.971
    27   1.354   7.185   3.744
    28  -1.378   3.934   1.396
    29  -3.657   5.623   1.956
    30  -2.477   7.187   0.342
    31  -1.311   5.862  -0.027
    32  -0.819   5.784   2.545
    33  -1.916   7.200   2.695
    34  -0.414   8.456   1.097
    35   0.735   7.067   1.088
    36  -0.185   8.640   3.600
    37   1.315   8.992   2.678
    38   1.702   7.634   4.622
    39   0.756   6.372   4.009
    40   2.179   6.854   3.192
    41  -3.595   4.268  -1.158
    42  -4.481   4.042  -2.309
    43  -5.605   3.035  -2.052
    44  -6.553   3.022  -2.830
    45  -3.666   3.762  -3.587
    46  -2.721   2.611  -3.491
    47  -1.807   2.515  -4.293
    48  -2.845   1.708  -2.509
    49  -2.619   3.942  -1.194
    50  -4.982   5.013  -2.518
    51  -3.050   4.668  -3.765
    52  -4.325   3.617  -4.470
    53  -5.636   2.238  -0.944
    54  -6.853   1.546  -0.529
    55  -7.212   0.290  -1.308
    56  -8.166   0.292  -2.065
    57  -4.837   2.253  -0.294
    58  -7.692   2.270  -0.558
    59  -6.757   1.246   0.533
    60  -6.527  -0.853  -1.058
    61  -6.819  -2.164  -1.615
    62  -6.646  -3.289  -0.566
    63  -6.741  -4.451  -0.947
    64  -5.923  -2.386  -2.855
    65  -4.483  -1.973  -2.670
    66  -3.795  -2.355  -1.592
    67  -3.957  -1.219  -3.472
    68  -5.751  -0.802  -0.426
    69  -7.870  -2.228  -1.969
    70  -6.320  -1.765  -3.688
    71  -5.998  -3.446  -3.178
    72  -6.434  -3.043   0.769
    73  -6.244  -4.111   1.743
    74  -4.911  -4.825   1.602
    75  -4.749  -5.889   2.179
    76  -6.446  -2.081   1.127
    77  -7.092  -4.826   1.680
    78  -6.246  -3.689   2.773
    79  -3.885  -4.254   0.907
    80  -2.534  -4.810   0.870
    81  -1.481  -3.727   1.092
    82  -1.660  -2.595   0.670
    83  -2.223  -5.628  -0.433
    84  -2.125  -7.116  -0.130
    85  -3.201  -5.495  -1.429
    86  -4.036  -3.334   0.488
    87  -2.406  -5.484   1.745
    88  -1.222  -5.346  -0.836
    89  -3.302  -4.542  -1.624
    90  -1.355  -7.303   0.647
    91  -3.112  -7.489   0.216
    92  -1.834  -7.660  -1.055
    93  -0.302  -4.067   1.689
    94   0.827  -3.161   1.875
    95   1.971  -3.682   1.005
    96   2.362  -4.831   1.152
    97   1.223  -3.119   3.386
    98   0.097  -2.478   4.244
    99   2.566  -2.391   3.599
   100   0.365  -2.578   5.751
   101  -0.180  -5.042   2.000
   102   0.579  -2.124   1.559
   103   1.362  -4.169   3.726
   104  -0.854  -3.018   4.050
   105  -0.054  -1.409   3.970
   106   2.512  -1.336   3.260
   107   2.877  -2.421   4.662
   108   3.375  -2.911   3.047
   109   1.225  -1.946   6.057
   110  -0.522  -2.227   6.319
   111   0.568  -3.633   6.033
   112   2.579  -2.860   0.099
   113   3.716  -3.252  -0.723
   114   4.995  -2.836  -0.021
   115   4.927  -2.235   1.037
   116   3.652  -2.566  -2.125
   117   2.343  -2.858  -2.867
   118   3.843  -1.178  -1.985
   119   2.318  -1.880   0.086
   120   3.724  -4.355  -0.854
   121   4.484  -2.959  -2.747
   122   3.289  -0.678  -2.640
   123   2.394  -2.432  -3.894
   124   2.163  -3.948  -2.940
   125   1.512  -2.353  -2.338
   126   6.210  -3.115  -0.561
   127   7.451  -2.617   0.029
   128   7.502  -1.089  -0.027
   129   7.985  -0.474   0.914
   130   8.691  -3.236  -0.662
   131   8.784  -4.751  -0.365
   132   8.660  -2.963  -2.046
   133   6.249  -3.674  -1.426
   134   7.507  -2.922   1.099
   135   9.602  -2.772  -0.223
   136   9.056  -3.726  -2.542
   137   8.785  -4.931   0.732
   138   7.939  -5.308  -0.819
   139   9.736  -5.157  -0.770
   140   7.038  -0.416  -1.120
   141   7.085   1.042  -1.249
   142   6.182   1.733  -0.235
   143   6.597   2.701   0.385
   144   6.753   1.440  -2.711
   145   7.093   2.915  -3.004
   146   7.322   3.208  -4.501
   147   6.071   3.314  -5.383
   148   5.214   4.427  -4.968
   149   6.657  -0.966  -1.905
   150   8.135   1.368  -1.078
   151   5.709   1.189  -3.003
   152   7.439   0.824  -3.335
   153   8.078   3.119  -2.534
   154   6.358   3.609  -2.543
   155   8.006   2.437  -4.921
   156   7.854   4.180  -4.582
   157   5.493   2.364  -5.402
   158   6.430   3.513  -6.419
   159   4.660   4.157  -4.125
   160   5.786   5.278  -4.757
   161   4.555   4.664  -5.744
   162   4.935   1.249   0.004
   163   4.020   1.808   0.998
   164   4.652   1.719   2.371
   165   4.746   2.728   3.057
   166   2.671   1.065   0.932
   167   2.021   1.328  -0.443
   168   0.728   0.635  -0.611
   169   0.640  -0.568  -0.473
   170  -0.359   1.311  -0.950
   171   4.648   0.411  -0.508
   172   3.804   2.875   0.768
   173   1.998   1.420   1.731
   174   2.829  -0.018   1.105
   175   2.670   0.975  -1.256
   176   1.854   2.416  -0.584
   177   5.170   0.542   2.807
   178   5.911   0.425   4.040
   179   6.837   1.038   3.975
   180   5.294   0.756   4.899
   181   6.210  -0.634   4.193
   182   5.081  -0.287   2.217
   183  -2.023  -0.067  -0.779
   184  -0.743  -0.317  -3.789
   185  -0.224  -0.486  -4.614
   186  -0.480   0.598  -3.523
   187  -0.982  -3.023  -2.454
   188  -1.230  -3.210  -3.393
   189  -0.276  -3.686  -2.252
